30
2 mon 2
9 tue 2
16 wed 2
23 thu 2
30 fri 2
3 mon 3
10 tue 3
17 wed 3
24 thu 3
31 fri 3
4 mon 4
11 tue 4
18 wed 4
25 thu 4
32 fri 4
5 mon 5
12 tue 5
19 wed 5
26 thu 5
33 fri 5
6 mon 6
13 tue 6
20 wed 6
27 thu 6
34 fri 6
7 mon 7
14 tue 7
21 wed 7
28 thu 7
35 fri 7

22
1 14윤한솔 3
2 14권태국 7
3 14김도현 10
4 14김민우 8
5 14박상욱 10
6 14서승희 11
7 14우상연 1
8 14윤은주 17
9 14이민주 4
10 14이태승 1
11 14정민교 14
12 14정연준 15
13 14최광희 5
14 14허준형 11
15 15고우준 13
16 15김창환 28
17 15김형준 6
18 15이운규 17
19 15전진우 6
20 15정재훈 11
21 15최승환 3
22 15최일선 4

205 28
13 5 1
13 11 2
13 16 4
13 17 3
13 23 5
6 4 1
6 5 3
6 6 2
6 9 5
6 10 4
6 16 6
6 23 7
6 24 8
6 30 9
6 34 10
6 35 11
2 4 4
2 10 1
2 13 5
2 21 6
2 27 7
2 32 2
2 33 3
7 28 1
17 7 3
17 11 4
17 21 2
17 24 5
17 30 6
17 34 1
3 7 10
3 10 2
3 12 3
3 18 1
3 23 8
3 24 9
3 26 6
3 27 7
3 31 5
3 35 4
8 5 1
8 6 2
8 7 3
8 10 17
8 12 6
8 13 5
8 14 4
8 17 16
8 19 7
8 20 8
8 23 15
8 26 10
8 28 9
8 31 14
8 32 13
8 34 12
8 35 11
18 2 12
18 3 3
18 4 4
18 5 16
18 10 2
18 12 15
18 13 13
18 14 14
18 16 1
18 18 11
18 20 6
18 21 5
18 25 9
18 26 10
18 31 8
18 33 7
18 34 17
9 4 1
9 5 2
9 6 3
9 7 4
4 3 1
4 6 8
4 14 7
4 17 3
4 19 2
4 24 6
4 28 4
4 32 5
11 3 10
11 6 11
11 10 9
11 11 4
11 16 8
11 19 12
11 24 13
11 25 1
11 26 2
11 27 3
11 30 14
11 33 5
11 34 6
11 35 7
19 4 1
19 5 2
19 18 5
19 20 3
19 24 6
19 28 4
10 5 1
5 3 5
5 4 6
5 7 1
5 9 9
5 19 10
5 26 4
5 28 2
5 31 7
5 33 8
5 35 3
12 3 1
12 5 2
12 6 3
12 9 13
12 11 12
12 14 4
12 17 11
12 19 6
12 20 14
12 23 10
12 25 5
12 28 7
12 31 9
12 33 8
12 35 15
20 3 1
20 4 2
20 5 3
20 7 6
20 9 11
20 13 7
20 14 4
20 18 8
20 21 5
20 33 9
20 34 10
16 4 1
16 5 2
16 6 3
16 7 4
16 9 10
16 10 9
16 11 8
16 12 7
16 13 6
16 14 5
16 16 11
16 17 12
16 18 13
16 19 14
16 20 16
16 21 15
16 23 22
16 24 21
16 25 20
16 26 19
16 27 18
16 28 17
16 30 23
16 31 24
16 32 25
16 33 26
16 34 27
16 35 28
21 5 1
21 11 3
21 12 2
14 3 1
14 5 2
14 11 3
14 13 4
14 16 6
14 18 5
14 21 7
14 26 8
14 28 11
14 31 9
14 33 10
22 23 4
22 24 3
22 25 2
22 26 1
15 4 1
15 6 2
15 10 4
15 12 3
15 14 5
15 16 7
15 20 6
15 24 8
15 25 9
15 27 10
15 30 13
15 32 12
15 34 11
1 13 1
1 17 3
1 27 2

